keyword,intent,volume,kd,cpc,priority,fan_out_parent,city_modifier,covered_by,queued
water damage restoration near me,transactional,135000,17,51.04,2,water damage restoration,,,no
water damage restoration company,transactional,110000,25,60.4,2,water damage restoration,,,no
water damage restoration companies,transactional,110000,25,57.92,2,water damage restoration,,,no
flood damage restoration,transactional,110000,9,45.46,2,water damage restoration,,,no
water damage repair near me,transactional,14800,31,56.91,2,water damage restoration,,,no
water damage cleanup near me,transactional,12100,33,40.58,2,water damage restoration,,,no
water damage restoration services,transactional,5400,53,34.84,2,water damage restoration,,,no
emergency water damage restoration,transactional,2900,19,58.31,2,water damage restoration,,,no
ceiling water damage repair,transactional,1900,0,36.82,2,water damage restoration,,,no
water mitigation services,transactional,1000,32,33.22,2,water damage restoration,,,no
water extraction services,transactional,880,10,80.92,2,water damage restoration,,,no
24 hour water damage restoration,transactional,210,42,57.11,2,water damage restoration,,,no
residential water damage restoration,transactional,210,10,41.79,2,water damage restoration,,,no
structural drying services,transactional,70,0,,2,water damage restoration,,,no
basement water damage cleanup,transactional,20,0,15.9,2,water damage restoration,,,no
burst pipe water damage repair,transactional,,,,2,water damage restoration,,,no
water damage restoration cost,commercial,880,3,20.21,2,water damage restoration,,,no
water damage repair cost calculator,commercial,320,0,19.11,2,water damage restoration,,,no
best water damage restoration company,commercial,140,9,35.94,2,water damage restoration,,,no
water damage restoration cost per square foot,commercial,70,3,28.17,2,water damage restoration,,,no
average cost of water damage restoration,commercial,30,11,,2,water damage restoration,,,no
water damage restoration reviews,commercial,20,0,2.11,2,water damage restoration,,,no
water mitigation vs water restoration,commercial,,,,2,water damage restoration,,,no
how to choose a water damage restoration company,commercial,,,,2,water damage restoration,,,no
does homeowners insurance cover water damage,informational,1900,10,,2,water damage restoration,,,no
what is water damage restoration,informational,210,3,29.64,2,water damage restoration,,,no
water damage restoration process,informational,110,6,,2,water damage restoration,,,no
what is category 3 water damage,informational,40,0,,2,water damage restoration,,,no
what to do after water damage,informational,20,0,113.39,2,water damage restoration,,,no
why would a water damage claim be denied,informational,10,0,,2,water damage restoration,,,no
what does water damage restoration include,informational,10,,,2,water damage restoration,,,no
how long does water damage take to dry,informational,10,,,2,water damage restoration,,,no
can water damage be repaired,informational,10,,,2,water damage restoration,,,no
will insurance pay out for water damage,informational,,,,2,water damage restoration,,,no
how long does it take to dry out walls from water damage,informational,,,,2,water damage restoration,,,no
how to tell if water damage is permanent,informational,,,,2,water damage restoration,,,no
how long does it take for mold to grow after water damage,informational,,,,2,water damage restoration,,,no
how to document water damage for insurance claim,informational,,,,2,water damage restoration,,,no
signs of water damage behind walls,informational,,,,2,water damage restoration,,,no
clean water vs gray water vs black water,informational,,,,2,water damage restoration,,,no
